Ts = 1/40e006;

Gz = [  340
        1750
        4356
        5891
        1821
      -10190
      -23847
      -23790
        3814
       56070
      108791
      131071
      108791
       56070
        3814
      -23790
      -23847
      -10190
        1821
        5891
        4356
        1750
         340];
    
    Hz = [479
        2052
        3526
        2721
        -215
       -1783
        -219
        1397
         227
       -1296
        -165
        1317
          68
       -1410
          50
        1540
        -198
       -1699
         382
        1880
        -607
       -2073
         884
        2273
       -1226
       -2479
        1647
        2686
       -2161
       -2890
        2797
        3086
       -3592
       -3270
        4605
        3441
       -5943
       -3590
        7805
        3718
      -10618
       -3819
       15502
        3895
      -26559
       -3939
       80786
      131071
       80786
       -3939
      -26559
        3895
       15502
       -3819
      -10618
        3718
        7805
       -3590
       -5943
        3441
        4605
       -3270
       -3592
        3086
        2797
       -2890
       -2161
        2686
        1647
       -2479
       -1226
        2273
         884
       -2073
        -607
        1880
         382
       -1699
        -198
        1540
          50
       -1410
          68
        1317
        -165
       -1296
         227
        1397
        -219
       -1783
        -215
        2721
        3526
        2052
         479];    
