sysgenPolyphaseFIRCoeffs = [ -0.0010  0.0001  0.0012  0.0021  0.0026  0.0025  0.0019  0.0009  -0.0004  -0.0016  -0.0025  -0.0028  -0.0024  -0.0014  0.0000  0.0015  0.0028  0.0035  0.0033  0.0023  0.0005  -0.0018  -0.0039  -0.0055  -0.0060  -0.0051  -0.0029  0.0004  0.0043  0.0079  0.0105  0.0112  0.0097  0.0058  -0.0000  -0.0068  -0.0134  -0.0184  -0.0206  -0.0190  -0.0133  -0.0041  0.0075  0.0196  0.0300  0.0363  0.0367  0.0301  0.0165  -0.0029  -0.0255  -0.0477  -0.0653  -0.0742  -0.0707  -0.0524  -0.0186  0.0297  0.0892  0.1552  0.2217  0.2823  0.3307  0.3621  0.3729];
